144  
9    

1    
  0.0100000000000000   0.0000000000000000   0.0000000000000000
  -0.1172732400   -0.0007358000    0.0023984200
   0.0069492700    0.0002353200    0.0004247900
  -0.0000886200    0.0000027100    0.0012494900
   0.0067535000   -0.0002365100    0.0020719800
   0.0009451400   -0.0031566700    0.0013515000
   0.0009347400    0.0032023900    0.0011641700
  -0.0002210100   -0.0001151700    0.0013314400
  -0.0002135300    0.0001059700    0.0011794600
   0.0000204500    0.0000655300    0.0013393200
  -0.0000120500   -0.0000076300    0.0012658600
   0.0000247500   -0.0000688200    0.0011923000
  -0.0000190600   -0.0000008000    0.0012630200
   0.0009224100   -0.0036511000    0.0005190500
  -0.0002156200    0.0001224800    0.0013893100
  -0.0002141600   -0.0001122000    0.0011392400
   0.0009532700    0.0036508100    0.0019868500
  -0.0001750700    0.0000059100   -0.0008019400
   0.0000352600   -0.0000281800   -0.0007538100
   0.0000074000    0.0000025700   -0.0008013900
   0.0000353300    0.0000343000   -0.0008494700
   0.0003845700   -0.0003249700   -0.0015012300
   0.0003892000    0.0003237400   -0.0001026800
   0.0000409900    0.0000109500   -0.0008129500
   0.0000416500   -0.0000157000   -0.0007974000
   0.0000204400   -0.0000417100   -0.0008184800
  -0.0000205200    0.0000012700   -0.0008124600
   0.0000247400    0.0000428900   -0.0007975700
   0.0000096300    0.0000021000   -0.0008031500
  -0.0000167400   -0.0000054400   -0.0008226300
   0.0000140400    0.0000032700   -0.0007933100
   0.0000117600   -0.0000018400   -0.0008243300
  -0.0000167200   -0.0000004300   -0.0007903100
   0.0000134700    0.0000024900    0.0012346700
  -0.0000023200   -0.0000000700    0.0012324400
  -0.0000049700    0.0000020700    0.0012350700
  -0.0000026300    0.0000059300    0.0012382200
   0.0000122300   -0.0000029500    0.0012184200
   0.0000151100   -0.0000031200    0.0012628800
  -0.0000056600   -0.0000156300    0.0012280600
  -0.0000060800    0.0000104900    0.0012511000
  -0.0000024100    0.0000046300    0.0012456700
  -0.0000087100    0.0000001900    0.0012443700
   0.0000023400   -0.0000054600    0.0012334000
  -0.0000010000    0.0000005500    0.0012358700
   0.0000122500    0.0000060400    0.0012333300
   0.0000013100    0.0000027100    0.0012471400
  -0.0000007800   -0.0000017600    0.0012373800
   0.0000120000   -0.0000113200    0.0012437100
  -0.0000029200   -0.0000041500   -0.0007763500
  -0.0000049400   -0.0000056400   -0.0007829100
   0.0000012500   -0.0000035500   -0.0007775100
  -0.0000090800   -0.0000049100   -0.0007816700
  -0.0000091300    0.0000043900   -0.0007773300
   0.0000005500    0.0000020500   -0.0007710400
  -0.0000025900    0.0000049300   -0.0007797200
  -0.0000009000   -0.0000004700   -0.0007796500
   0.0000032600   -0.0000011800   -0.0007715500
  -0.0000024100    0.0000015200   -0.0007784600
   0.0000010200   -0.0000011200   -0.0007718900
  -0.0000032000    0.0000000900   -0.0007777800
   0.0000015800    0.0000074900   -0.0007751500
  -0.0000009900    0.0000025200   -0.0007738700
   0.0000009200    0.0000030800   -0.0007745400
  -0.0000065800    0.0000026300   -0.0007742600
   0.0000165000   -0.0000029400    0.0012471500
  -0.0000096100   -0.0000026900    0.0012341100
  -0.0000037600   -0.0000075800    0.0012235200
   0.0000099100   -0.0000061100    0.0012056400
   0.0000123500    0.0000042100    0.0012281800
  -0.0000015800    0.0000045500    0.0012472100
  -0.0000068700    0.0000047500    0.0012285200
  -0.0000019400   -0.0000023100    0.0012026400
   0.0000149800   -0.0000033200    0.0012240600
   0.0000102000    0.0000022000    0.0012224700
   0.0000006400   -0.0000041600    0.0012190000
  -0.0000030800    0.0000017500    0.0012282500
   0.0000016100    0.0000206100    0.0012325900
  -0.0000013800    0.0000022900    0.0012225100
   0.0000002600   -0.0000115200    0.0012163800
  -0.0000124300    0.0000019500    0.0012207100
  -0.0032077900   -0.0000156500   -0.0007709700
   0.0016000700   -0.0014580300   -0.0026221600
   0.0001164500    0.0000009600   -0.0008039500
   0.0015900300    0.0014737500    0.0009906500
  -0.0012114900   -0.0030206100    0.0013985800
  -0.0012500700    0.0031062200   -0.0030439400
   0.0000994400    0.0000341800   -0.0007762200
   0.0001015800   -0.0000425200   -0.0008384000
  -0.0001681000   -0.0001625000   -0.0009208700
   0.0000340400   -0.0000082900   -0.0008183800
  -0.0001652200    0.0001583200   -0.0007088200
   0.0000401200   -0.0000018100   -0.0008122900
  -0.0012167800   -0.0001786400   -0.0003749600
   0.0001258400   -0.0000487100   -0.0009370300
   0.0001219300    0.0000545000   -0.0007006100
  -0.0011867000    0.0001935700   -0.0012128500
  -0.0000289700    0.0000495900   -0.0006616100
   0.0000044700    0.0000030500   -0.0003809300
   0.0000024500   -0.0000073700   -0.0004505300
  -0.0000302500   -0.0000528300   -0.0001681700
   0.0000585100    0.0000003200   -0.0004149400
   0.0000140700   -0.0000115500   -0.0002557900
   0.0000536200    0.0000015400   -0.0004163400
   0.0000109100    0.0000122800   -0.0005739600
  -0.0000249800    0.0000028100   -0.0004253500
  -0.0000243300   -0.0000004700   -0.0004060000
   0.0000263400    0.0000152200   -0.0003745000
   0.0000229200   -0.0000176100   -0.0004549100
  -0.0000129200   -0.0000262800   -0.0003910100
  -0.0000094200    0.0000032900   -0.0004160800
  -0.0000147600    0.0000299900   -0.0004403700
   0.0000332300    0.0000022100   -0.0004161200
   0.0000046600   -0.0000041600   -0.0004460800
   0.0000131200   -0.0000101300   -0.0004557800
  -0.0000045500   -0.0000057700   -0.0004464500
   0.0000145400   -0.0000006100   -0.0004348100
   0.0000072500   -0.0000114800   -0.0004439500
   0.0000048900    0.0000122100   -0.0004489900
  -0.0000035500   -0.0000015200   -0.0004502800
  -0.0000027400    0.0000018900   -0.0004421000
  -0.0000099400   -0.0000058900   -0.0004337900
   0.0000173600    0.0000010500   -0.0004453500
  -0.0000135500    0.0000081800   -0.0004591700
  -0.0000023400    0.0000000000   -0.0004451300
   0.0000042300    0.0000066400   -0.0004529000
   0.0000116300    0.0000070400   -0.0004540800
   0.0000104400   -0.0000038400   -0.0004377000
   0.0000008900   -0.0000001800   -0.0004362200
   0.0164805300    0.0000965700   -0.0004361000
   0.0005139600   -0.0028740100   -0.0024712400
  -0.0001440000    0.0000032200   -0.0004706700
   0.0004766400    0.0028366700    0.0015249500
   0.0439760100   -0.0158917800    0.0311468800
   0.0449444800    0.0164199800   -0.0332317700
   0.0007760500    0.0004414900   -0.0011483800
   0.0007322600   -0.0004222900    0.0002038600
   0.0001019800    0.0005799400   -0.0001068100
  -0.0044479800    0.0000206200   -0.0004631600
   0.0001096400   -0.0005967200   -0.0008394100
  -0.0001781600   -0.0000085800   -0.0004696600
   0.0005707800   -0.0010711300   -0.0007841400
  -0.0000429400    0.0000592500   -0.0004124700
  -0.0000454100   -0.0000580200   -0.0005300000
   0.0005615400    0.0010689800   -0.0001643600

1    
  0.0000000000000000   0.0000000000000000   0.0100000000000000
   0.0000000000    0.0000000000   -0.1474303300
   0.0008235200    0.0003826000   -0.0025330800
   0.0000000000   -0.0000803500    0.0006206300
  -0.0008235200    0.0003826000   -0.0025330800
  -0.0007431000    0.0005218900   -0.0025330800
   0.0007431000    0.0005218900   -0.0025330800
  -0.0001315500   -0.0000759500    0.0012101300
   0.0001315500   -0.0000759500    0.0012101300
   0.0000695900    0.0000401800    0.0006206300
   0.0000000000   -0.0000776900    0.0012079800
  -0.0000695900    0.0000401800    0.0006206300
   0.0000000000    0.0001519100    0.0012101300
   0.0000804200   -0.0009044900   -0.0025330800
  -0.0000672800    0.0000388400    0.0012079800
   0.0000672800    0.0000388400    0.0012079800
  -0.0000804200   -0.0009044900   -0.0025330800
   0.0000000000   -0.0010722600   -0.0000970800
   0.0000375300   -0.0000216700   -0.0009676700
   0.0000000000    0.0000167700   -0.0008117000
  -0.0000375300   -0.0000216700   -0.0009676700
  -0.0009286100    0.0005361300   -0.0000970800
   0.0009286100    0.0005361300   -0.0000970800
  -0.0000387500    0.0000233400   -0.0008571300
   0.0000387500    0.0000233400   -0.0008571300
  -0.0000008400   -0.0000452300   -0.0008571300
   0.0000000000    0.0000433300   -0.0009676700
   0.0000008400   -0.0000452300   -0.0008571300
   0.0000000000    0.0000000000   -0.0007390300
  -0.0000395900    0.0000218900   -0.0008571300
  -0.0000145200   -0.0000083800   -0.0008117000
   0.0000145200   -0.0000083800   -0.0008117000
   0.0000395900    0.0000218900   -0.0008571300
   0.0000000000    0.0000189100    0.0012951200
  -0.0000208400    0.0000120300    0.0012685400
   0.0000000000   -0.0000043300    0.0012540300
   0.0000208400    0.0000120300    0.0012685400
   0.0000163800   -0.0000094500    0.0012951200
  -0.0000163800   -0.0000094500    0.0012951200
  -0.0000050700   -0.0000013000    0.0012418600
   0.0000050700   -0.0000013000    0.0012418600
   0.0000036600   -0.0000037400    0.0012418600
   0.0000000000   -0.0000240600    0.0012685400
  -0.0000036600   -0.0000037400    0.0012418600
   0.0000000000    0.0000000000    0.0012542700
  -0.0000014100    0.0000050400    0.0012418600
   0.0000037500    0.0000021700    0.0012540300
  -0.0000037500    0.0000021700    0.0012540300
   0.0000014100    0.0000050400    0.0012418600
   0.0000020100   -0.0000011600   -0.0007594800
   0.0000016200   -0.0000047500   -0.0007738200
  -0.0000016200   -0.0000047500   -0.0007738200
  -0.0000020100   -0.0000011600   -0.0007594800
   0.0000000000    0.0000023200   -0.0007594800
   0.0000060800    0.0000035100   -0.0007729700
   0.0000000000    0.0000064000   -0.0007610900
  -0.0000060800    0.0000035100   -0.0007729700
   0.0000033000    0.0000037800   -0.0007738200
  -0.0000033000    0.0000037800   -0.0007738200
   0.0000055400   -0.0000032000   -0.0007610900
  -0.0000055400   -0.0000032000   -0.0007610900
   0.0000049200    0.0000009700   -0.0007738200
   0.0000000000    0.0000000000   -0.0007686300
  -0.0000049200    0.0000009700   -0.0007738200
   0.0000000000   -0.0000070200   -0.0007729700
  -0.0000313700    0.0000181100    0.0012842800
   0.0000113100   -0.0000037600    0.0012352300
  -0.0000113100   -0.0000037600    0.0012352300
   0.0000313700    0.0000181100    0.0012842800
   0.0000000000   -0.0000362200    0.0012842800
   0.0000044200    0.0000025500    0.0012568800
   0.0000000000    0.0000007500    0.0012321900
  -0.0000044200    0.0000025500    0.0012568800
  -0.0000024000    0.0000116700    0.0012352300
   0.0000024000    0.0000116700    0.0012352300
   0.0000006500   -0.0000003700    0.0012321900
  -0.0000006500   -0.0000003700    0.0012321900
   0.0000089100   -0.0000079200    0.0012352300
   0.0000000000    0.0000000000    0.0012502600
  -0.0000089100   -0.0000079200    0.0012352300
   0.0000000000   -0.0000051000    0.0012568800
   0.0000000000    0.0000000000    0.0165254500
  -0.0018678600    0.0015214400   -0.0002681400
   0.0000000000   -0.0001269600   -0.0007572700
   0.0018678600    0.0015214400   -0.0002681400
  -0.0003836700   -0.0023783300   -0.0002681400
   0.0003836700   -0.0023783300   -0.0002681400
  -0.0001393400   -0.0000804500   -0.0011074000
   0.0001393400   -0.0000804500   -0.0011074000
   0.0001099500    0.0000634800   -0.0007572700
   0.0000000000    0.0000755300   -0.0011016900
  -0.0001099500    0.0000634800   -0.0007572700
   0.0000000000    0.0001609000   -0.0011074000
  -0.0022515300    0.0008568900   -0.0002681400
   0.0000654100   -0.0000377700   -0.0011016900
  -0.0000654100   -0.0000377700   -0.0011016900
   0.0022515300    0.0008568900   -0.0002681400
  -0.0001181300    0.0000682000   -0.0008347700
   0.0000245000    0.0000562000   -0.0003921500
  -0.0000245000    0.0000562000   -0.0003921500
   0.0001181300    0.0000682000   -0.0008347700
   0.0000000000   -0.0001364000   -0.0008347700
   0.0001512000    0.0000872900   -0.0000217200
   0.0000000000   -0.0000388600   -0.0005281000
  -0.0001512000    0.0000872900   -0.0000217200
  -0.0000609200   -0.0000068800   -0.0003921500
   0.0000609200   -0.0000068800   -0.0003921500
  -0.0000336500    0.0000194300   -0.0005281000
   0.0000336500    0.0000194300   -0.0005281000
  -0.0000364200   -0.0000493200   -0.0003921500
   0.0000000000    0.0000000000   -0.0004790100
   0.0000364200   -0.0000493200   -0.0003921500
   0.0000000000   -0.0001745900   -0.0000217200
   0.0000000000    0.0000000000   -0.0005393800
   0.0000126400    0.0000038600   -0.0004424800
   0.0000000000    0.0000001200   -0.0004903300
  -0.0000126400    0.0000038600   -0.0004424800
  -0.0000096600    0.0000090200   -0.0004424800
   0.0000096600    0.0000090200   -0.0004424800
   0.0000054500    0.0000031500   -0.0004672400
  -0.0000054500    0.0000031500   -0.0004672400
  -0.0000001000   -0.0000000600   -0.0004903300
   0.0000000000   -0.0000022600   -0.0004852700
   0.0000001000   -0.0000000600   -0.0004903300
   0.0000000000   -0.0000063000   -0.0004672400
   0.0000029800   -0.0000128700   -0.0004424800
  -0.0000019600    0.0000011300   -0.0004852700
   0.0000019600    0.0000011300   -0.0004852700
  -0.0000029800   -0.0000128700   -0.0004424800
   0.0000000000    0.0344985000    0.0466402500
  -0.0007745500    0.0004471900    0.0017673000
   0.0000000000   -0.0001992700   -0.0006436000
   0.0007745500    0.0004471900    0.0017673000
   0.0298765700   -0.0172492500    0.0466402500
  -0.0298765700   -0.0172492500    0.0466402500
   0.0000908100    0.0000184300    0.0004443700
  -0.0000908100    0.0000184300    0.0004443700
  -0.0000613700    0.0000694300    0.0004443700
   0.0000000000   -0.0008943800    0.0017673000
   0.0000613700    0.0000694300    0.0004443700
   0.0000000000    0.0000000000   -0.0002914600
   0.0000294400   -0.0000878600    0.0004443700
   0.0001725800    0.0000996400   -0.0006436000
  -0.0001725800    0.0000996400   -0.0006436000
  -0.0000294400   -0.0000878600    0.0004443700

1    
  0.0000000000000000   0.0000000000000000  -0.0100000000000000
   0.0000000000    0.0000000000    0.1528696500
  -0.0008362600   -0.0003747200    0.0051220200
   0.0000000000    0.0000795100    0.0019292400
   0.0008362600   -0.0003747200    0.0051220200
   0.0007426500   -0.0005368600    0.0051220200
  -0.0007426500   -0.0005368600    0.0051220200
   0.0001232500    0.0000711600    0.0013331300
  -0.0001232500    0.0000711600    0.0013331300
  -0.0000688600   -0.0000397600    0.0019292400
   0.0000000000    0.0000795100    0.0013367700
   0.0000688600   -0.0000397600    0.0019292400
   0.0000000000   -0.0001423200    0.0013331300
  -0.0000936100    0.0009115800    0.0051220200
   0.0000688600   -0.0000397600    0.0013367700
  -0.0000688600   -0.0000397600    0.0013367700
   0.0000936100    0.0009115800    0.0051220200
   0.0000000000    0.0010499000   -0.0015101200
  -0.0000405100    0.0000233900   -0.0006604600
   0.0000000000   -0.0000189000   -0.0008164100
   0.0000405100    0.0000233900   -0.0006604600
   0.0009092400   -0.0005249500   -0.0015101200
  -0.0009092400   -0.0005249500   -0.0015101200
   0.0000353700   -0.0000177700   -0.0007624200
  -0.0000353700   -0.0000177700   -0.0007624200
  -0.0000022900    0.0000395200   -0.0007624200
   0.0000000000   -0.0000467700   -0.0006604600
   0.0000022900    0.0000395200   -0.0007624200
   0.0000000000    0.0000000000   -0.0008769900
   0.0000330800   -0.0000217400   -0.0007624200
   0.0000163700    0.0000094500   -0.0008164100
  -0.0000163700    0.0000094500   -0.0008164100
  -0.0000330800   -0.0000217400   -0.0007624200
   0.0000000000   -0.0000228400    0.0011944800
   0.0000194200   -0.0000112100    0.0012277200
   0.0000000000    0.0000020200    0.0012453600
  -0.0000194200   -0.0000112100    0.0012277200
  -0.0000197800    0.0000114200    0.0011944800
   0.0000197800    0.0000114200    0.0011944800
   0.0000022800    0.0000056100    0.0012473500
  -0.0000022800    0.0000056100    0.0012473500
  -0.0000060000   -0.0000008300    0.0012473500
   0.0000000000    0.0000224200    0.0012277200
   0.0000060000   -0.0000008300    0.0012473500
   0.0000000000    0.0000000000    0.0012319600
  -0.0000037100   -0.0000047800    0.0012473500
  -0.0000017500   -0.0000010100    0.0012453600
   0.0000017500   -0.0000010100    0.0012453600
   0.0000037100   -0.0000047800    0.0012473500
  -0.0000069000    0.0000039800   -0.0008112200
  -0.0000003100    0.0000018100   -0.0007977800
   0.0000003100    0.0000018100   -0.0007977800
   0.0000069000    0.0000039800   -0.0008112200
   0.0000000000   -0.0000079600   -0.0008112200
  -0.0000009100   -0.0000005300   -0.0007959300
   0.0000000000   -0.0000008000   -0.0008026800
   0.0000009100   -0.0000005300   -0.0007959300
  -0.0000014100   -0.0000011700   -0.0007977800
   0.0000014100   -0.0000011700   -0.0007977800
  -0.0000007000    0.0000004000   -0.0008026800
   0.0000007000    0.0000004000   -0.0008026800
  -0.0000017200   -0.0000006400   -0.0007977800
   0.0000000000    0.0000000000   -0.0008037500
   0.0000017200   -0.0000006400   -0.0007977800
   0.0000000000    0.0000010500   -0.0007959300
   0.0000255700   -0.0000147700    0.0011872700
  -0.0000105600    0.0000013700    0.0012363600
   0.0000105600    0.0000013700    0.0012363600
  -0.0000255700   -0.0000147700    0.0011872700
   0.0000000000    0.0000295300    0.0011872700
   0.0000003600    0.0000002100    0.0012120800
   0.0000000000    0.0000051500    0.0012315500
  -0.0000003600    0.0000002100    0.0012120800
   0.0000040900   -0.0000098300    0.0012363600
  -0.0000040900   -0.0000098300    0.0012363600
   0.0000044600   -0.0000025700    0.0012315500
  -0.0000044600   -0.0000025700    0.0012315500
  -0.0000064700    0.0000084600    0.0012363600
   0.0000000000    0.0000000000    0.0012217800
   0.0000064700    0.0000084600    0.0012363600
   0.0000000000   -0.0000004200    0.0012120800
   0.0000000000    0.0000000000   -0.0185323200
   0.0018581300   -0.0015068900   -0.0013721000
   0.0000000000    0.0001280700   -0.0008745100
  -0.0018581300   -0.0015068900   -0.0013721000
   0.0003759400    0.0023626300   -0.0013721000
  -0.0003759400    0.0023626300   -0.0013721000
   0.0001331800    0.0000768900   -0.0005184600
  -0.0001331800    0.0000768900   -0.0005184600
  -0.0001109100   -0.0000640400   -0.0008745100
   0.0000000000   -0.0000671600   -0.0005323900
   0.0001109100   -0.0000640400   -0.0008745100
   0.0000000000   -0.0001537900   -0.0005184600
   0.0022340700   -0.0008557400   -0.0013721000
  -0.0000581600    0.0000335800   -0.0005323900
   0.0000581600    0.0000335800   -0.0005323900
  -0.0022340700   -0.0008557400   -0.0013721000
   0.0001152700   -0.0000665500   -0.0000076000
  -0.0000265800   -0.0000520400   -0.0004435500
   0.0000265800   -0.0000520400   -0.0004435500
  -0.0001152700   -0.0000665500   -0.0000076000
   0.0000000000    0.0001331000   -0.0000076000
  -0.0001466400   -0.0000846600   -0.0008048600
   0.0000000000    0.0000438600   -0.0003069200
   0.0001466400   -0.0000846600   -0.0008048600
   0.0000583600    0.0000030000   -0.0004435500
  -0.0000583600    0.0000030000   -0.0004435500
   0.0000379800   -0.0000219300   -0.0003069200
  -0.0000379800   -0.0000219300   -0.0003069200
   0.0000317800    0.0000490400   -0.0004435500
   0.0000000000    0.0000000000   -0.0003554600
  -0.0000317800    0.0000490400   -0.0004435500
   0.0000000000    0.0001693300   -0.0008048600
   0.0000000000    0.0000000000   -0.0003569300
  -0.0000124400   -0.0000017100   -0.0004549800
   0.0000000000    0.0000025400   -0.0004061600
   0.0000124400   -0.0000017100   -0.0004549800
   0.0000077100   -0.0000099200   -0.0004549800
  -0.0000077100   -0.0000099200   -0.0004549800
  -0.0000003500   -0.0000002000   -0.0004293500
   0.0000003500   -0.0000002000   -0.0004293500
  -0.0000022000   -0.0000012700   -0.0004061600
   0.0000000000    0.0000041800   -0.0004119100
   0.0000022000   -0.0000012700   -0.0004061600
   0.0000000000    0.0000004100   -0.0004293500
  -0.0000047300    0.0000116300   -0.0004549800
   0.0000036200   -0.0000020900   -0.0004119100
  -0.0000036200   -0.0000020900   -0.0004119100
   0.0000047300    0.0000116300   -0.0004549800
   0.0000000000   -0.0357581900   -0.0485114900
   0.0007377400   -0.0004259300   -0.0027200900
   0.0000000000    0.0002083000   -0.0002995700
  -0.0007377400   -0.0004259300   -0.0027200900
  -0.0309675100    0.0178791000   -0.0485114900
   0.0309675100    0.0178791000   -0.0485114900
  -0.0000463700   -0.0000216300   -0.0014026500
   0.0000463700   -0.0000216300   -0.0014026500
   0.0000419100   -0.0000293400   -0.0014026500
   0.0000000000    0.0008518700   -0.0027200900
  -0.0000419100   -0.0000293400   -0.0014026500
   0.0000000000    0.0000000000   -0.0006639600
  -0.0000044500    0.0000509700   -0.0014026500
  -0.0001804000   -0.0001041500   -0.0002995700
   0.0001804000   -0.0001041500   -0.0002995700
   0.0000044500    0.0000509700   -0.0014026500

17   
  0.0100000000000000   0.0000000000000000   0.0000000000000000
  -0.0001772500    0.0000019800    0.0012797500
   0.0000367600    0.0000324700    0.0012346000
   0.0000054300    0.0000004300    0.0012742700
   0.0000364500   -0.0000299600    0.0013160800
  -0.0000178600   -0.0000215500    0.0012395400
  -0.0000174400    0.0000180500    0.0013135500
   0.0000149500   -0.0000067900    0.0012895400
   0.0000115800    0.0000032800    0.0012621600
   0.0000229800   -0.0000244000    0.0012771900
   0.0000089500    0.0000000900    0.0012737200
   0.0000186300    0.0000247400    0.0012756800
  -0.0000169500   -0.0000007700    0.0012772800
   0.0003900900   -0.0003311800    0.0003482300
   0.0000402800   -0.0000318200    0.0013151800
   0.0000396700    0.0000307200    0.0012387600
   0.0003855100    0.0003207900    0.0021915900
  -0.1178676400   -0.0007039700   -0.0019569900
   0.0071352200    0.0002252300    0.0001194500
  -0.0000724100   -0.0000007900   -0.0008095400
   0.0069500000   -0.0002267800   -0.0017222400
   0.0010127100   -0.0032414700   -0.0009606200
   0.0010065900    0.0032730700   -0.0006614200
  -0.0002082200   -0.0001284000   -0.0008873200
  -0.0002025900    0.0001282500   -0.0007384500
   0.0000433600    0.0000685600   -0.0008907500
   0.0000143700    0.0000010500   -0.0008120700
   0.0000426500   -0.0000632500   -0.0007347900
   0.0000153500    0.0000011500   -0.0008149000
   0.0010016100   -0.0037140500   -0.0000474200
  -0.0002075400    0.0001277800   -0.0009205200
  -0.0002042100   -0.0001258100   -0.0007082900
   0.0010181000    0.0037021300   -0.0015872500
  -0.0032166200   -0.0000039400    0.0012151700
   0.0016027500   -0.0014220900    0.0031205500
   0.0001076100   -0.0000029900    0.0012503900
   0.0016045100    0.0014375800   -0.0006096000
  -0.0011856100   -0.0030495100   -0.0009803700
  -0.0012179400    0.0031224000    0.0035078600
   0.0001227900    0.0000499500    0.0011919900
   0.0001245500   -0.0000498100    0.0013098600
  -0.0001703500   -0.0001602100    0.0013581900
   0.0000469100   -0.0000011500    0.0012523200
  -0.0001717600    0.0001624800    0.0011430400
   0.0000353000    0.0000000200    0.0012520300
  -0.0012414700   -0.0001704200    0.0008622200
   0.0001035000   -0.0000342200    0.0013850000
   0.0001006900    0.0000301400    0.0011200100
  -0.0012235100    0.0001715200    0.0016191700
   0.0000090100    0.0000017400   -0.0008161900
  -0.0000146300   -0.0000113400   -0.0007925400
  -0.0000120300    0.0000087300   -0.0007893800
   0.0000082700   -0.0000042900   -0.0007645400
  -0.0000197800    0.0000020400   -0.0007923400
  -0.0000175300   -0.0000041200   -0.0007937300
   0.0000071600    0.0000021800   -0.0007909100
  -0.0000168900    0.0000063300   -0.0007883500
   0.0000043700    0.0000059300   -0.0007919300
   0.0000029800   -0.0000088500   -0.0007926600
  -0.0000013300   -0.0000004400   -0.0007945300
  -0.0000029500   -0.0000031900   -0.0007916400
  -0.0000089400   -0.0000021700   -0.0008391200
  -0.0000089400    0.0000018400   -0.0007884500
  -0.0000096500    0.0000092300   -0.0007388700
   0.0000029200    0.0000030600   -0.0007886400
  -0.0000051600    0.0000016300    0.0012334800
  -0.0000034900   -0.0000032100    0.0012409500
  -0.0000012200    0.0000003200    0.0012426800
  -0.0000060000   -0.0000056900    0.0012505100
  -0.0000008200    0.0000017700    0.0012421000
  -0.0000019400    0.0000020500    0.0012394300
  -0.0000011600    0.0000011500    0.0012420200
  -0.0000024200   -0.0000009700    0.0012430800
   0.0000026400   -0.0000000700    0.0012438800
  -0.0000002400   -0.0000033900    0.0012432500
  -0.0000014200   -0.0000034300    0.0012430700
  -0.0000026200   -0.0000000900    0.0012441400
   0.0000003800    0.0000023100    0.0012404200
  -0.0000015800    0.0000013300    0.0012387900
   0.0000006000    0.0000038300    0.0012399900
  -0.0000120700    0.0000027000    0.0012407800
   0.0000053700    0.0000024300   -0.0008204700
  -0.0000087700    0.0000073600   -0.0008215300
  -0.0000100400    0.0000010300   -0.0008177800
  -0.0000091800   -0.0000044900   -0.0008162500
  -0.0000013400   -0.0000039000   -0.0008222800
  -0.0000011400    0.0000027300   -0.0008193500
   0.0000051800   -0.0000096500   -0.0008213800
   0.0000023900    0.0000069200   -0.0008199600
  -0.0000141400    0.0000092100   -0.0008153400
   0.0000062500    0.0000003000   -0.0008183500
  -0.0000192600   -0.0000080400   -0.0008268200
  -0.0000183500    0.0000004200   -0.0008217800
   0.0000097500   -0.0000032100   -0.0008493000
  -0.0000134500    0.0000067100   -0.0008137300
  -0.0000136600   -0.0000076200   -0.0008260000
   0.0000102900    0.0000014400   -0.0007952700
   0.0448785900    0.0162777200    0.0323026300
   0.0007513100    0.0004174900    0.0002554800
   0.0007129300   -0.0004033100   -0.0010931700
   0.0439059600   -0.0157445700   -0.0319942400
  -0.0044427400    0.0000231900   -0.0004278600
   0.0000980200   -0.0005299200   -0.0000437800
  -0.0002067400   -0.0000012600   -0.0004215400
   0.0000886000    0.0005219100   -0.0007948800
  -0.0000436200    0.0000440600   -0.0004944900
  -0.0000447100   -0.0000397200   -0.0003426800
   0.0005084200    0.0010181500   -0.0007142800
   0.0005174400   -0.0010245500   -0.0001171500
   0.0005598800   -0.0028974600    0.0014835400
  -0.0001157700   -0.0000008600   -0.0004179300
   0.0005182600    0.0028552900   -0.0023124500
   0.0166626600    0.0000942300   -0.0004575600
   0.0000074000   -0.0000009000   -0.0004498500
   0.0000033800    0.0000026500   -0.0004384500
   0.0000024200    0.0000009200   -0.0004496000
   0.0000033900   -0.0000019600   -0.0004620300
   0.0000056700   -0.0000027400   -0.0004371100
   0.0000062300    0.0000047200   -0.0004630400
  -0.0000044300    0.0000051900   -0.0004513000
  -0.0000042300   -0.0000036600   -0.0004483700
  -0.0000013100    0.0000006900   -0.0004363500
   0.0000028400   -0.0000009500   -0.0004497200
  -0.0000017600   -0.0000026600   -0.0004638600
  -0.0000026100   -0.0000009200   -0.0004502000
   0.0000146000   -0.0000055600   -0.0004418300
   0.0000024400    0.0000018900   -0.0004490700
   0.0000036500   -0.0000073400   -0.0004504600
   0.0000155500    0.0000022600   -0.0004570600
   0.0001936500   -0.0000021700   -0.0004735900
  -0.0000577500   -0.0000909200   -0.0005325200
   0.0000275900    0.0000040700   -0.0004733700
  -0.0000561300    0.0000909600   -0.0004141700
  -0.0000557400    0.0000627100   -0.0006130600
  -0.0000562200   -0.0000626500   -0.0003341800
   0.0000351400    0.0000284700   -0.0005280500
   0.0000298100   -0.0000280000   -0.0004180500
   0.0000314900    0.0000025700   -0.0004646500
  -0.0000660100    0.0000014500   -0.0004729100
   0.0000298500   -0.0000033600   -0.0004809900
  -0.0000151600   -0.0000026800   -0.0004729200
   0.0000756000    0.0000160200   -0.0006728000
  -0.0000460100   -0.0000140900   -0.0004657700
  -0.0000457300    0.0000102700   -0.0004794700
   0.0000779800   -0.0000118200   -0.0002758600

17   
  0.0000000000000000   0.0000000000000000   0.0100000000000000
   0.0000000000   -0.0008037600    0.0019670400
  -0.0000427100   -0.0000246600    0.0011151900
   0.0000000000   -0.0000112200    0.0012641700
   0.0000427100   -0.0000246600    0.0011151900
  -0.0000157900    0.0000018700    0.0012217600
   0.0000157900    0.0000018700    0.0012217600
  -0.0000097200    0.0000056100    0.0012641700
   0.0000097200    0.0000056100    0.0012641700
  -0.0000062800   -0.0000146100    0.0012217600
   0.0000000000    0.0000000000    0.0013324400
   0.0000062800   -0.0000146100    0.0012217600
   0.0000000000    0.0000493200    0.0011151900
  -0.0006960800    0.0004018800    0.0019670400
   0.0000095100    0.0000127400    0.0012217600
  -0.0000095100    0.0000127400    0.0012217600
   0.0006960800    0.0004018800    0.0019670400
   0.0000000000    0.0000000000   -0.1531866600
  -0.0009265500   -0.0003544200   -0.0047409100
   0.0000000000    0.0000908800   -0.0014235000
   0.0009265500   -0.0003544200   -0.0047409100
   0.0007702100   -0.0006252000   -0.0047409100
  -0.0007702100   -0.0006252000   -0.0047409100
   0.0001008600    0.0000582300   -0.0008536500
  -0.0001008600    0.0000582300   -0.0008536500
  -0.0000787000   -0.0000454400   -0.0014235000
   0.0000000000    0.0000866000   -0.0008520000
   0.0000787000   -0.0000454400   -0.0014235000
   0.0000000000   -0.0001164600   -0.0008536500
  -0.0001563300    0.0009796200   -0.0047409100
   0.0000750000   -0.0000433000   -0.0008520000
  -0.0000750000   -0.0000433000   -0.0008520000
   0.0001563300    0.0009796200   -0.0047409100
   0.0000000000    0.0000000000    0.0189566800
   0.0017939700   -0.0015262600    0.0017947100
   0.0000000000    0.0001147900    0.0012952400
  -0.0017939700   -0.0015262600    0.0017947100
   0.0004248000    0.0023167500    0.0017947100
  -0.0004248000    0.0023167500    0.0017947100
   0.0001124100    0.0000649000    0.0009504900
  -0.0001124100    0.0000649000    0.0009504900
  -0.0000994100   -0.0000573900    0.0012952400
   0.0000000000   -0.0000404000    0.0009453900
   0.0000994100   -0.0000573900    0.0012952400
   0.0000000000   -0.0001298000    0.0009504900
   0.0022187700   -0.0007904900    0.0017947100
  -0.0000349800    0.0000202000    0.0009453900
   0.0000349800    0.0000202000    0.0009453900
  -0.0022187700   -0.0007904900    0.0017947100
   0.0000290600    0.0000167800   -0.0007621000
  -0.0000025600   -0.0000059300   -0.0007723700
   0.0000025600   -0.0000059300   -0.0007723700
  -0.0000290600    0.0000167800   -0.0007621000
   0.0000000000    0.0000103200   -0.0008023500
  -0.0000064200    0.0000007500   -0.0007723700
   0.0000000000    0.0000000000   -0.0007742300
   0.0000064200    0.0000007500   -0.0007723700
  -0.0000013400   -0.0000007800   -0.0007526800
   0.0000013400   -0.0000007800   -0.0007526800
  -0.0000038600    0.0000051900   -0.0007723700
   0.0000038600    0.0000051900   -0.0007723700
   0.0000089400   -0.0000051600   -0.0008023500
   0.0000000000    0.0000015500   -0.0007526800
  -0.0000089400   -0.0000051600   -0.0008023500
   0.0000000000   -0.0000335600   -0.0007621000
  -0.0000046300   -0.0000026700    0.0012610000
   0.0000061000   -0.0000069200    0.0012458400
  -0.0000061000   -0.0000069200    0.0012458400
   0.0000046300   -0.0000026700    0.0012610000
   0.0000000000   -0.0000009000    0.0012412800
  -0.0000029400    0.0000087500    0.0012458400
   0.0000000000    0.0000000000    0.0012502600
   0.0000029400    0.0000087500    0.0012458400
  -0.0000046500   -0.0000026800    0.0012466100
   0.0000046500   -0.0000026800    0.0012466100
  -0.0000090500   -0.0000018200    0.0012458400
   0.0000090500   -0.0000018200    0.0012458400
  -0.0000007800    0.0000004500    0.0012412800
   0.0000000000    0.0000053700    0.0012466100
   0.0000007800    0.0000004500    0.0012412800
   0.0000000000    0.0000053400    0.0012610000
   0.0000000000    0.0000221700   -0.0007877600
   0.0000498300    0.0000287700   -0.0008353400
   0.0000000000    0.0000038000   -0.0007811900
  -0.0000498300    0.0000287700   -0.0008353400
   0.0000024900    0.0000039200   -0.0008058600
  -0.0000024900    0.0000039200   -0.0008058600
   0.0000032900   -0.0000019000   -0.0007811900
  -0.0000032900   -0.0000019000   -0.0007811900
   0.0000046400    0.0000001900   -0.0008058600
   0.0000000000    0.0000000000   -0.0008023000
  -0.0000046400    0.0000001900   -0.0008058600
   0.0000000000   -0.0000575400   -0.0008353400
   0.0000192000   -0.0000110800   -0.0007877600
   0.0000021500   -0.0000041200   -0.0008058600
  -0.0000021500   -0.0000041200   -0.0008058600
  -0.0000192000   -0.0000110800   -0.0007877600
   0.0311837000    0.0180039100    0.0480757700
  -0.0000115200    0.0000472700    0.0004528800
   0.0000115200    0.0000472700    0.0004528800
  -0.0311837000    0.0180039100    0.0480757700
   0.0000000000    0.0006208100    0.0018605100
   0.0000351700   -0.0000336100    0.0004528800
   0.0000000000    0.0000000000   -0.0002682300
  -0.0000351700   -0.0000336100    0.0004528800
  -0.0001825600   -0.0001054000   -0.0006033300
   0.0001825600   -0.0001054000   -0.0006033300
   0.0000467000   -0.0000136600    0.0004528800
  -0.0000467000   -0.0000136600    0.0004528800
   0.0005376400   -0.0003104100    0.0018605100
   0.0000000000    0.0002108000   -0.0006033300
  -0.0005376400   -0.0003104100    0.0018605100
   0.0000000000   -0.0360078300    0.0480757700
   0.0000000000   -0.0000220500   -0.0005090800
  -0.0000092100   -0.0000053200   -0.0004432500
   0.0000000000   -0.0000033200   -0.0004877300
   0.0000092100   -0.0000053200   -0.0004432500
  -0.0000085200    0.0000080300   -0.0004816000
   0.0000085200    0.0000080300   -0.0004816000
  -0.0000028700    0.0000016600   -0.0004877300
   0.0000028700    0.0000016600   -0.0004877300
   0.0000026900   -0.0000114000   -0.0004816000
   0.0000000000    0.0000000000   -0.0004692200
  -0.0000026900   -0.0000114000   -0.0004816000
   0.0000000000    0.0000106300   -0.0004432500
  -0.0000191000    0.0000110300   -0.0005090800
   0.0000112100    0.0000033700   -0.0004816000
  -0.0000112100    0.0000033700   -0.0004816000
   0.0000191000    0.0000110300   -0.0005090800
   0.0000000000    0.0000000000   -0.0011313800
  -0.0000098200   -0.0001383600   -0.0002659600
   0.0000000000   -0.0000167600   -0.0005065800
   0.0000098200   -0.0001383600   -0.0002659600
   0.0001247400    0.0000606800   -0.0002659600
  -0.0001247400    0.0000606800   -0.0002659600
  -0.0000579000   -0.0000334300   -0.0005437700
   0.0000579000   -0.0000334300   -0.0005437700
   0.0000145200    0.0000083800   -0.0005065800
   0.0000000000   -0.0000020400   -0.0005444500
  -0.0000145200    0.0000083800   -0.0005065800
   0.0000000000    0.0000668600   -0.0005437700
   0.0001149200    0.0000776800   -0.0002659600
  -0.0000017700    0.0000010200   -0.0005444500
   0.0000017700    0.0000010200   -0.0005444500
  -0.0001149200    0.0000776800   -0.0002659600

17   
  0.0000000000000000   0.0000000000000000  -0.0100000000000000
   0.0000000000    0.0008143100    0.0005648100
   0.0000461300    0.0000266300    0.0014353900
   0.0000000000    0.0000192700    0.0012771000
  -0.0000461300    0.0000266300    0.0014353900
   0.0000143700   -0.0000020100    0.0013297000
  -0.0000143700   -0.0000020100    0.0013297000
   0.0000166900   -0.0000096400    0.0012771000
  -0.0000166900   -0.0000096400    0.0012771000
   0.0000054400    0.0000134500    0.0013297000
   0.0000000000    0.0000000000    0.0012224000
  -0.0000054400    0.0000134500    0.0013297000
   0.0000000000   -0.0000532700    0.0014353900
   0.0007052200   -0.0004071600    0.0005648100
  -0.0000089300   -0.0000114400    0.0013297000
   0.0000089300   -0.0000114400    0.0013297000
  -0.0007052200   -0.0004071600    0.0005648100
   0.0000000000    0.0000000000    0.1486652700
   0.0009114300    0.0003598000    0.0030773900
   0.0000000000   -0.0000897300   -0.0002145500
  -0.0009114300    0.0003598000    0.0030773900
  -0.0007673100    0.0006094200    0.0030773900
   0.0007673100    0.0006094200    0.0030773900
  -0.0001056800   -0.0000610200   -0.0007735100
   0.0001056800   -0.0000610200   -0.0007735100
   0.0000777100    0.0000448600   -0.0002145500
   0.0000000000   -0.0000902000   -0.0007784300
  -0.0000777100    0.0000448600   -0.0002145500
   0.0000000000    0.0001220300   -0.0007735100
   0.0001441200   -0.0009692200    0.0030773900
  -0.0000781100    0.0000451000   -0.0007784300
   0.0000781100    0.0000451000   -0.0007784300
  -0.0001441200   -0.0009692200    0.0030773900
   0.0000000000    0.0000000000   -0.0161041400
  -0.0018069000    0.0015388000    0.0007026400
   0.0000000000   -0.0001116000    0.0012050500
   0.0018069000    0.0015388000    0.0007026400
  -0.0004291900   -0.0023342200    0.0007026400
   0.0004291900   -0.0023342200    0.0007026400
  -0.0001154300   -0.0000666400    0.0015378700
   0.0001154300   -0.0000666400    0.0015378700
   0.0000966500    0.0000558000    0.0012050500
   0.0000000000    0.0000426300    0.0015528200
  -0.0000966500    0.0000558000    0.0012050500
   0.0000000000    0.0001332900    0.0015378700
  -0.0022360900    0.0007954300    0.0007026400
   0.0000369200   -0.0000213200    0.0015528200
  -0.0000369200   -0.0000213200    0.0015528200
   0.0022360900    0.0007954300    0.0007026400
  -0.0000304300   -0.0000175700   -0.0008223900
   0.0000067100   -0.0000001800   -0.0008068200
  -0.0000067100   -0.0000001800   -0.0008068200
   0.0000304300   -0.0000175700   -0.0008223900
   0.0000000000   -0.0000046800   -0.0007691500
   0.0000032000    0.0000059000   -0.0008068200
   0.0000000000    0.0000000000   -0.0008063400
  -0.0000032000    0.0000059000   -0.0008068200
  -0.0000038200   -0.0000022000   -0.0008173000
   0.0000038200   -0.0000022000   -0.0008173000
  -0.0000035100   -0.0000057200   -0.0008068200
   0.0000035100   -0.0000057200   -0.0008068200
  -0.0000040500    0.0000023400   -0.0007691500
   0.0000000000    0.0000044100   -0.0008173000
   0.0000040500    0.0000023400   -0.0007691500
   0.0000000000    0.0000351400   -0.0008223900
   0.0000021400    0.0000012300    0.0012234600
  -0.0000019500    0.0000000700    0.0012328900
   0.0000019500    0.0000000700    0.0012328900
  -0.0000021400    0.0000012300    0.0012234600
   0.0000000000    0.0000066300    0.0012307400
  -0.0000009200   -0.0000017200    0.0012328900
   0.0000000000    0.0000000000    0.0012304700
   0.0000009200   -0.0000017200    0.0012328900
  -0.0000001500   -0.0000000900    0.0012243300
   0.0000001500   -0.0000000900    0.0012243300
   0.0000010400    0.0000016600    0.0012328900
  -0.0000010400    0.0000016600    0.0012328900
   0.0000057400   -0.0000033100    0.0012307400
   0.0000000000    0.0000001700    0.0012243300
  -0.0000057400   -0.0000033100    0.0012307400
   0.0000000000   -0.0000024700    0.0012234600
   0.0000000000   -0.0000284700   -0.0008501300
  -0.0000491500   -0.0000283800   -0.0007998800
   0.0000000000    0.0000031600   -0.0008487800
   0.0000491500   -0.0000283800   -0.0007998800
  -0.0000043000   -0.0000050500   -0.0008364500
   0.0000043000   -0.0000050500   -0.0008364500
   0.0000027400   -0.0000015800   -0.0008487800
  -0.0000027400   -0.0000015800   -0.0008487800
  -0.0000065300   -0.0000012000   -0.0008364500
   0.0000000000    0.0000000000   -0.0008404800
   0.0000065300   -0.0000012000   -0.0008364500
   0.0000000000    0.0000567500   -0.0007998800
  -0.0000246600    0.0000142400   -0.0008501300
  -0.0000022300    0.0000062500   -0.0008364500
   0.0000022300    0.0000062500   -0.0008364500
   0.0000246600    0.0000142400   -0.0008501300
  -0.0300995800   -0.0173780000   -0.0479913200
   0.0000506500   -0.0000452200   -0.0012766800
  -0.0000506500   -0.0000452200   -0.0012766800
   0.0300995800   -0.0173780000   -0.0479913200
   0.0000000000   -0.0006726500   -0.0026900700
  -0.0000138400    0.0000664700   -0.0012766800
   0.0000000000    0.0000000000   -0.0005558200
   0.0000138400    0.0000664700   -0.0012766800
   0.0001716500    0.0000991000   -0.0002353000
  -0.0001716500    0.0000991000   -0.0002353000
  -0.0000644800   -0.0000212500   -0.0012766800
   0.0000644800   -0.0000212500   -0.0012766800
  -0.0005825300    0.0003363300   -0.0026900700
   0.0000000000   -0.0001982000   -0.0002353000
   0.0005825300    0.0003363300   -0.0026900700
   0.0000000000    0.0347560000   -0.0479913200
   0.0000000000    0.0000250700   -0.0003903800
   0.0000083900    0.0000048400   -0.0004547500
   0.0000000000   -0.0000025800   -0.0004115000
  -0.0000083900    0.0000048400   -0.0004547500
   0.0000100800   -0.0000047500   -0.0004178000
  -0.0000100800   -0.0000047500   -0.0004178000
  -0.0000022300    0.0000012900   -0.0004115000
   0.0000022300    0.0000012900   -0.0004115000
   0.0000009200    0.0000111000   -0.0004178000
   0.0000000000    0.0000000000   -0.0004290400
  -0.0000009200    0.0000111000   -0.0004178000
   0.0000000000   -0.0000096800   -0.0004547500
   0.0000217100   -0.0000125300   -0.0003903800
  -0.0000091500   -0.0000063500   -0.0004178000
   0.0000091500   -0.0000063500   -0.0004178000
  -0.0000217100   -0.0000125300   -0.0003903800
   0.0000000000    0.0000000000    0.0001927500
   0.0000069300    0.0001448800   -0.0006826800
   0.0000000000    0.0000210100   -0.0004386900
  -0.0000069300    0.0001448800   -0.0006826800
  -0.0001289300   -0.0000664400   -0.0006826800
   0.0001289300   -0.0000664400   -0.0006826800
   0.0000673700    0.0000389000   -0.0004002000
  -0.0000673700    0.0000389000   -0.0004002000
  -0.0000182000   -0.0000105100   -0.0004386900
   0.0000000000    0.0000011300   -0.0004012600
   0.0000182000   -0.0000105100   -0.0004386900
   0.0000000000   -0.0000777900   -0.0004002000
  -0.0001220100   -0.0000784400   -0.0006826800
   0.0000009800   -0.0000005600   -0.0004012600
  -0.0000009800   -0.0000005600   -0.0004012600
   0.0001220100   -0.0000784400   -0.0006826800

97   
  0.0100000000000000   0.0000000000000000   0.0000000000000000
  -0.0000292200    0.0000533900    0.0011582000
  -0.0000294000   -0.0000516600    0.0013937100
   0.0000026300    0.0000187900    0.0012509600
   0.0000044700   -0.0000167000    0.0013026400
  -0.0000128000   -0.0000040000    0.0012411100
   0.0000332400   -0.0000008400    0.0012774400
  -0.0000115900    0.0000010600    0.0013115800
  -0.0000116400   -0.0000000300    0.0012765100
  -0.0000218800   -0.0000227300    0.0012166100
   0.0000244900   -0.0000163000    0.0013124300
   0.0000220300    0.0000150600    0.0012397000
  -0.0000230200    0.0000218200    0.0013379500
   0.0000601000    0.0000002400    0.0012768300
   0.0000126900    0.0000115200    0.0011301300
   0.0000497400   -0.0000001000    0.0012787700
   0.0000152500   -0.0000129000    0.0014285100
   0.0439099300    0.0157386500    0.0292774900
   0.0448711600   -0.0162843700   -0.0320111500
   0.0007380200    0.0008952700   -0.0007892400
   0.0007299500   -0.0008933400   -0.0008478500
   0.0005518700   -0.0028647200   -0.0002627500
   0.0166586300    0.0001657600   -0.0009275300
   0.0005308700    0.0028907000   -0.0013861000
  -0.0001156800   -0.0000020600   -0.0008158000
  -0.0000419600    0.0000425600   -0.0009925100
   0.0005144700    0.0002809300   -0.0008554500
   0.0005108100   -0.0002833700   -0.0007464900
  -0.0000439800   -0.0000419700   -0.0006348400
  -0.0044443600    0.0000150500   -0.0008177900
   0.0000921400   -0.0007791200   -0.0008372200
  -0.0002040400    0.0000010900   -0.0008180600
   0.0000952600    0.0007820300   -0.0007864500
   0.0439822700    0.0158814400   -0.0286210000
   0.0449429000   -0.0164292500    0.0322291600
   0.0007561600    0.0009633400    0.0011859200
   0.0007477600   -0.0009620400    0.0013212800
   0.0005042800   -0.0028409800    0.0005012400
   0.0164810000    0.0001666900    0.0013653100
   0.0004830400    0.0028662100    0.0020186000
  -0.0001423000   -0.0000025400    0.0012499200
  -0.0000437400    0.0000570800    0.0014246100
   0.0005681900    0.0003234200    0.0012517300
   0.0005657700   -0.0003263100    0.0012216100
  -0.0000458000   -0.0000563900    0.0010757900
  -0.0044503300    0.0000145200    0.0012540600
   0.0001068200   -0.0008034500    0.0011948800
  -0.0001783500    0.0000007700    0.0012536800
   0.0001091800    0.0008060100    0.0013002900
   0.0001953600   -0.0000004900   -0.0007918300
  -0.0000590100    0.0000618100   -0.0007843500
   0.0000264600   -0.0000018300   -0.0007915500
  -0.0000554600   -0.0000656000   -0.0007997400
   0.0000787800   -0.0000112700   -0.0006757600
   0.0000758600    0.0000153800   -0.0009103500
  -0.0000466800    0.0000145700   -0.0007885700
  -0.0000453600   -0.0000109200   -0.0007946400
   0.0000325700    0.0000023200   -0.0007786700
  -0.0000137600   -0.0000022300   -0.0007914200
   0.0000307500   -0.0000042200   -0.0008062700
  -0.0000689600   -0.0000012900   -0.0007924100
  -0.0000547200    0.0000953900   -0.0006651000
   0.0000326700   -0.0000255400   -0.0007248400
   0.0000328500    0.0000297200   -0.0008509500
  -0.0000577800   -0.0000876400   -0.0009153600
   0.0000022800   -0.0000005700    0.0012419500
   0.0000100300   -0.0000077800    0.0012278300
  -0.0000024900   -0.0000016000    0.0012425800
   0.0000123200    0.0000044400    0.0012554700
   0.0000036600   -0.0000114200    0.0012466900
   0.0000028500    0.0000133000    0.0012352500
   0.0000079200   -0.0000023600    0.0012465400
   0.0000071800    0.0000041000    0.0012388000
  -0.0000122800   -0.0000071500    0.0012449800
   0.0000011400   -0.0000015500    0.0012421200
  -0.0000146900    0.0000057600    0.0012415200
   0.0000122600   -0.0000011500    0.0012435400
   0.0000028600    0.0000047800    0.0012319500
  -0.0000020600    0.0000030800    0.0012371400
  -0.0000017400    0.0000002600    0.0012406700
   0.0000012300   -0.0000001800    0.0012494800
   0.0000150500   -0.0000013800   -0.0008396800
   0.0000149100    0.0000040100   -0.0007964400
   0.0000011100   -0.0000032200   -0.0008272100
   0.0000029300    0.0000064600   -0.0008131800
  -0.0000023500    0.0000013500   -0.0008197800
  -0.0000031800   -0.0000000500   -0.0008200700
  -0.0000011500   -0.0000043400   -0.0008206300
   0.0000013300   -0.0000002100   -0.0008227900
   0.0000076100   -0.0000025300   -0.0008289300
  -0.0000054500   -0.0000032400   -0.0008183900
  -0.0000078200    0.0000029000   -0.0008226000
   0.0000064000    0.0000044000   -0.0008144000
   0.0000093300    0.0000000700   -0.0008200500
   0.0000015400   -0.0000031500   -0.0008103100
  -0.0000014100   -0.0000000200   -0.0008216500
   0.0000045600    0.0000016700   -0.0008331900
  -0.2622350700    0.0008813100   -0.0004154200
   0.0119947100   -0.0115716700   -0.0004466400
   0.0027699800    0.0000114900   -0.0004198100
   0.0112308500    0.0112766900   -0.0003936700
   0.0054225000   -0.0149263300   -0.0002726800
   0.0054198200    0.0150655500   -0.0005658800
   0.0004224100   -0.0008869000   -0.0003937500
   0.0004301800    0.0008618500   -0.0004443500
  -0.0000842800   -0.0016474200   -0.0004077900
   0.0019432200    0.0000053700   -0.0004198400
  -0.0000946900    0.0016521400   -0.0004315900
   0.0019420800    0.0000260100   -0.0004194500
   0.0055147600    0.0078025300   -0.0003003500
   0.0004272600    0.0008866400   -0.0003860500
   0.0004257800   -0.0008649400   -0.0004534700
   0.0053292500   -0.0078982500   -0.0005399300
  -0.0000107600   -0.0000714800   -0.0006278900
  -0.0000071000    0.0000723200   -0.0002714100
   0.0000439200   -0.0000073000   -0.0005202600
   0.0000433300    0.0000090700   -0.0003798700
  -0.0000086500   -0.0000100400   -0.0004864900
   0.0000082700    0.0000011900   -0.0004508800
  -0.0000074200    0.0000121600   -0.0004119000
   0.0000103700    0.0000009000   -0.0004509100
   0.0000155300   -0.0000360200   -0.0005583500
   0.0000130800    0.0000290900   -0.0004391700
   0.0000143100   -0.0000308200   -0.0004608700
   0.0000162300    0.0000331400   -0.0003431000
  -0.0001332000   -0.0000028800   -0.0004482600
   0.0000585100   -0.0000323500   -0.0004005600
  -0.0000370200   -0.0000027500   -0.0004502600
   0.0000588200    0.0000278800   -0.0005000700
  -0.0000102700    0.0000707800   -0.0002743200
  -0.0000097300   -0.0000691900   -0.0006750800
   0.0000437700    0.0000216500   -0.0004071900
   0.0000412400   -0.0000184600   -0.0005396000
   0.0000578500   -0.0000301800   -0.0005220300
  -0.0001335100    0.0000012400   -0.0004725600
   0.0000605300    0.0000305400   -0.0004251600
  -0.0000418600   -0.0000006000   -0.0004729800
   0.0000123700    0.0000286100   -0.0005367000
   0.0000176000   -0.0000233600   -0.0004735000
   0.0000131200    0.0000244400   -0.0004743400
   0.0000117400   -0.0000321100   -0.0004090000
   0.0000027000    0.0000005500   -0.0004726900
  -0.0000073300   -0.0000215300   -0.0004060200
   0.0000096000   -0.0000015700   -0.0004726800
  -0.0000072800    0.0000219300   -0.0005390600

97   
  0.0000000000000000   0.0000000000000000   0.0100000000000000
  -0.0002465100    0.0001423200    0.0008633900
   0.0002465100    0.0001423200    0.0008633900
  -0.0000356800   -0.0000078200    0.0013000200
   0.0000356800   -0.0000078200    0.0013000200
   0.0000246100   -0.0000269900    0.0013000200
   0.0000000000   -0.0001847900    0.0016662100
  -0.0000246100   -0.0000269900    0.0013000200
   0.0000000000    0.0000000000    0.0012156100
  -0.0000110700    0.0000348100    0.0013000200
  -0.0000410000   -0.0000236700    0.0011650100
   0.0000410000   -0.0000236700    0.0011650100
   0.0000110700    0.0000348100    0.0013000200
   0.0000000000   -0.0002846400    0.0008633900
  -0.0001600300    0.0000923900    0.0016662100
   0.0000000000    0.0000473400    0.0011650100
   0.0001600300    0.0000923900    0.0016662100
   0.0316305700    0.0182619200    0.0466995700
  -0.0316305700    0.0182619200    0.0466995700
  -0.0006830000    0.0000432100    0.0000440800
   0.0006830000    0.0000432100    0.0000440800
   0.0018898700   -0.0010911200    0.0014644000
   0.0000000000   -0.0365238300    0.0466995700
  -0.0018898700   -0.0010911200    0.0014644000
   0.0000000000    0.0000933800   -0.0009967000
  -0.0000808700   -0.0000466900   -0.0009967000
   0.0003040800   -0.0006131000    0.0000440800
  -0.0003040800   -0.0006131000    0.0000440800
   0.0000808700   -0.0000466900   -0.0009967000
   0.0000000000    0.0021822400    0.0014644000
  -0.0003789200    0.0005698900    0.0000440800
   0.0000000000    0.0000000000   -0.0006723500
   0.0003789200    0.0005698900    0.0000440800
  -0.0327106600   -0.0188855100    0.0493451600
   0.0327106600   -0.0188855100    0.0493451600
   0.0006680600   -0.0000336500    0.0021786500
  -0.0006680600   -0.0000336500    0.0021786500
  -0.0020068900    0.0011586800    0.0034902600
   0.0000000000    0.0377710100    0.0493451600
   0.0020068900    0.0011586800    0.0034902600
   0.0000000000   -0.0000619300    0.0010756000
   0.0000536300    0.0000309600    0.0010756000
  -0.0003048900    0.0005953800    0.0021786500
   0.0003048900    0.0005953800    0.0021786500
  -0.0000536300    0.0000309600    0.0010756000
   0.0000000000   -0.0023173500    0.0034902600
   0.0003631700   -0.0005617300    0.0021786500
   0.0000000000    0.0000000000    0.0014385700
  -0.0003631700   -0.0005617300    0.0021786500
   0.0000000000    0.0000000000   -0.0014524700
   0.0000564100    0.0001931000   -0.0005843200
   0.0000000000   -0.0000098300   -0.0008238600
  -0.0000564100    0.0001931000   -0.0005843200
  -0.0001954300   -0.0000477000   -0.0005843200
   0.0001954300   -0.0000477000   -0.0005843200
  -0.0000067400   -0.0000038900   -0.0008629700
   0.0000067400   -0.0000038900   -0.0008629700
   0.0000085100    0.0000049100   -0.0008238600
   0.0000000000    0.0000656100   -0.0008580700
  -0.0000085100    0.0000049100   -0.0008238600
   0.0000000000    0.0000077800   -0.0008629700
  -0.0001390300   -0.0001454000   -0.0005843200
   0.0000568200   -0.0000328000   -0.0008580700
  -0.0000568200   -0.0000328000   -0.0008580700
   0.0001390300   -0.0001454000   -0.0005843200
   0.0000000000    0.0000000000    0.0011482300
   0.0000083200    0.0000022900    0.0012457100
   0.0000000000   -0.0000155000    0.0011985500
  -0.0000083200    0.0000022900    0.0012457100
  -0.0000061500    0.0000060600    0.0012457100
   0.0000061500    0.0000060600    0.0012457100
   0.0000073900    0.0000042700    0.0012050100
  -0.0000073900    0.0000042700    0.0012050100
   0.0000134200    0.0000077500    0.0011985500
   0.0000000000    0.0000066200    0.0012173700
  -0.0000134200    0.0000077500    0.0011985500
   0.0000000000   -0.0000085300    0.0012050100
   0.0000021700   -0.0000083500    0.0012457100
   0.0000057300   -0.0000033100    0.0012173700
  -0.0000057300   -0.0000033100    0.0012173700
  -0.0000021700   -0.0000083500    0.0012457100
   0.0000067900   -0.0000039200   -0.0008777200
  -0.0000067900   -0.0000039200   -0.0008777200
  -0.0000018200   -0.0000146100   -0.0008526700
   0.0000018200   -0.0000146100   -0.0008526700
   0.0000135600    0.0000057300   -0.0008526700
   0.0000000000   -0.0000123200   -0.0008155500
  -0.0000135600    0.0000057300   -0.0008526700
   0.0000000000    0.0000000000   -0.0008444600
   0.0000117400    0.0000088800   -0.0008526700
   0.0000007600    0.0000004400   -0.0008598000
  -0.0000007600    0.0000004400   -0.0008598000
  -0.0000117400    0.0000088800   -0.0008526700
   0.0000000000    0.0000078400   -0.0008777200
  -0.0000106700    0.0000061600   -0.0008155500
   0.0000000000   -0.0000008700   -0.0008598000
   0.0000106700    0.0000061600   -0.0008155500
   0.0000000000    0.0000000000   -0.2791356500
   0.0001114400   -0.0001027600   -0.0069847800
   0.0000000000   -0.0000212500    0.0009124700
  -0.0001114400   -0.0001027600   -0.0069847800
   0.0000332800    0.0001478900   -0.0069847800
  -0.0000332800    0.0001478900   -0.0069847800
  -0.0000327600   -0.0000189100    0.0000549800
   0.0000327600   -0.0000189100    0.0000549800
   0.0000184000    0.0000106300    0.0009124700
   0.0000000000   -0.0000289400    0.0000554700
  -0.0000184000    0.0000106300    0.0009124700
   0.0000000000    0.0000378300    0.0000549800
   0.0001447100   -0.0000451300   -0.0069847800
  -0.0000250600    0.0000144700    0.0000554700
   0.0000250600    0.0000144700    0.0000554700
  -0.0001447100   -0.0000451300   -0.0069847800
  -0.0002012200    0.0001161700   -0.0004125400
   0.0002012200    0.0001161700   -0.0004125400
  -0.0000649300   -0.0000391800   -0.0003074200
   0.0000649300   -0.0000391800   -0.0003074200
   0.0000663900   -0.0000366400   -0.0003074200
   0.0000000000   -0.0000542200   -0.0005883100
  -0.0000663900   -0.0000366400   -0.0003074200
   0.0000000000    0.0000000000   -0.0002661200
   0.0000014700    0.0000758200   -0.0003074200
  -0.0000602100   -0.0000347600   -0.0003558300
   0.0000602100   -0.0000347600   -0.0003558300
  -0.0000014700    0.0000758200   -0.0003074200
   0.0000000000   -0.0002323500   -0.0004125400
  -0.0000469500    0.0000271100   -0.0005883100
   0.0000000000    0.0000695200   -0.0003558300
   0.0000469500    0.0000271100   -0.0005883100
   0.0001759100    0.0001015600   -0.0004408600
  -0.0001759100    0.0001015600   -0.0004408600
   0.0000704700    0.0000828100   -0.0003294800
  -0.0000704700    0.0000828100   -0.0003294800
   0.0000486900   -0.0000281100   -0.0006082800
   0.0000000000   -0.0002031300   -0.0004408600
  -0.0000486900   -0.0000281100   -0.0006082800
   0.0000000000   -0.0000123300   -0.0003795900
   0.0000106800    0.0000061600   -0.0003795900
  -0.0001069500    0.0000196200   -0.0003294800
   0.0001069500    0.0000196200   -0.0003294800
  -0.0000106800    0.0000061600   -0.0003795900
   0.0000000000    0.0000562200   -0.0006082800
  -0.0000364800   -0.0001024300   -0.0003294800
   0.0000000000    0.0000000000   -0.0002901800
   0.0000364800   -0.0001024300   -0.0003294800

97   
  0.0000000000000000   0.0000000000000000  -0.0100000000000000
   0.0002483500   -0.0001433800    0.0016938000
  -0.0002483500   -0.0001433800    0.0016938000
   0.0000342000    0.0000098500    0.0012501300
  -0.0000342000    0.0000098500    0.0012501300
  -0.0000256300    0.0000246900    0.0012501300
   0.0000000000    0.0001820800    0.0008854500
   0.0000256300    0.0000246900    0.0012501300
   0.0000000000    0.0000000000    0.0013411200
   0.0000085700   -0.0000345400    0.0012501300
   0.0000396000    0.0000228600    0.0013881900
  -0.0000396000    0.0000228600    0.0013881900
  -0.0000085700   -0.0000345400    0.0012501300
   0.0000000000    0.0002867600    0.0016938000
   0.0001576900   -0.0000910400    0.0008854500
   0.0000000000   -0.0000457300    0.0013881900
  -0.0001576900   -0.0000910400    0.0008854500
  -0.0326672700   -0.0188604600   -0.0493666500
   0.0326672700   -0.0188604600   -0.0493666500
   0.0006646800   -0.0000450900   -0.0016837400
  -0.0006646800   -0.0000450900   -0.0016837400
  -0.0019050900    0.0010999000   -0.0030842500
   0.0000000000    0.0377209200   -0.0493666500
   0.0019050900    0.0010999000   -0.0030842500
   0.0000000000   -0.0000823400   -0.0006279600
   0.0000713000    0.0000411700   -0.0006279600
  -0.0002932900    0.0005981700   -0.0016837400
   0.0002932900    0.0005981700   -0.0016837400
  -0.0000713000    0.0000411700   -0.0006279600
   0.0000000000   -0.0021998000   -0.0030842500
   0.0003713900   -0.0005530800   -0.0016837400
   0.0000000000    0.0000000000   -0.0009607400
  -0.0003713900   -0.0005530800   -0.0016837400
   0.0316678400    0.0182834400   -0.0458085300
  -0.0316678400    0.0182834400   -0.0458085300
  -0.0006869000    0.0000316500    0.0003314500
   0.0006869000    0.0000316500    0.0003314500
   0.0019910600   -0.0011495400   -0.0009975300
   0.0000000000   -0.0365668800   -0.0458085300
  -0.0019910600   -0.0011495400   -0.0009975300
   0.0000000000    0.0000733400    0.0014214000
  -0.0000635100   -0.0000366700    0.0014214000
   0.0003160300   -0.0006107000    0.0003314500
  -0.0003160300   -0.0006107000    0.0003314500
   0.0000635100   -0.0000366700    0.0014214000
   0.0000000000    0.0022990800   -0.0009975300
  -0.0003708600    0.0005790400    0.0003314500
   0.0000000000    0.0000000000    0.0010656300
   0.0003708600    0.0005790400    0.0003314500
   0.0000000000    0.0000000000   -0.0001280800
  -0.0000614600   -0.0001978500   -0.0010009600
   0.0000000000    0.0000093000   -0.0007570100
   0.0000614600   -0.0001978500   -0.0010009600
   0.0002020700    0.0000457000   -0.0010009600
  -0.0002020700    0.0000457000   -0.0010009600
   0.0000095600    0.0000055200   -0.0007181600
  -0.0000095600    0.0000055200   -0.0007181600
  -0.0000080500   -0.0000046500   -0.0007570100
   0.0000000000   -0.0000626900   -0.0007157200
   0.0000080500   -0.0000046500   -0.0007570100
   0.0000000000   -0.0000110400   -0.0007181600
   0.0001406100    0.0001521500   -0.0010009600
  -0.0000542900    0.0000313500   -0.0007157200
   0.0000542900    0.0000313500   -0.0007157200
  -0.0001406100    0.0001521500   -0.0010009600
   0.0000000000    0.0000000000    0.0013356500
  -0.0000089500   -0.0000044400    0.0012369200
   0.0000000000    0.0000139800    0.0012863300
   0.0000089500   -0.0000044400    0.0012369200
   0.0000083200   -0.0000055300    0.0012369200
  -0.0000083200   -0.0000055300    0.0012369200
  -0.0000053000   -0.0000030600    0.0012785100
   0.0000053000   -0.0000030600    0.0012785100
  -0.0000121000   -0.0000069900    0.0012863300
   0.0000000000   -0.0000028700    0.0012599100
   0.0000121000   -0.0000069900    0.0012863300
   0.0000000000    0.0000061200    0.0012785100
  -0.0000006300    0.0000099700    0.0012369200
  -0.0000024800    0.0000014300    0.0012599100
   0.0000024800    0.0000014300    0.0012599100
   0.0000006300    0.0000099700    0.0012369200
  -0.0000076400    0.0000044100   -0.0007573400
   0.0000076400    0.0000044100   -0.0007573400
   0.0000000600    0.0000158100   -0.0007869400
  -0.0000000600    0.0000158100   -0.0007869400
  -0.0000137200   -0.0000078600   -0.0007869400
   0.0000000000    0.0000146300   -0.0008242700
   0.0000137200   -0.0000078600   -0.0007869400
   0.0000000000    0.0000000000   -0.0008014100
  -0.0000136700   -0.0000079600   -0.0007869400
  -0.0000023400   -0.0000013500   -0.0007807900
   0.0000023400   -0.0000013500   -0.0007807900
   0.0000136700   -0.0000079600   -0.0007869400
   0.0000000000   -0.0000088200   -0.0007573400
   0.0000126700   -0.0000073200   -0.0008242700
   0.0000000000    0.0000027100   -0.0007807900
  -0.0000126700   -0.0000073200   -0.0008242700
   0.0000000000    0.0000000000    0.2782541200
   0.0000579000    0.0002050100    0.0061495800
   0.0000000000    0.0000059600   -0.0017518300
  -0.0000579000    0.0002050100    0.0061495800
  -0.0002065000   -0.0000523600    0.0061495800
   0.0002065000   -0.0000523600    0.0061495800
   0.0000344400    0.0000198900   -0.0008945500
  -0.0000344400    0.0000198900   -0.0008945500
  -0.0000051600   -0.0000029800   -0.0017518300
   0.0000000000    0.0000280500   -0.0008938000
   0.0000051600   -0.0000029800   -0.0017518300
   0.0000000000   -0.0000397700   -0.0008945500
  -0.0001485900   -0.0001526500    0.0061495800
   0.0000242900   -0.0000140200   -0.0008938000
  -0.0000242900   -0.0000140200   -0.0008938000
   0.0001485900   -0.0001526500    0.0061495800
   0.0001991600   -0.0001149800   -0.0004814600
  -0.0001991600   -0.0001149800   -0.0004814600
   0.0000683700    0.0000398600   -0.0005937300
  -0.0000683700    0.0000398600   -0.0005937300
  -0.0000687000    0.0000392800   -0.0005937300
   0.0000000000    0.0000571200   -0.0003142600
   0.0000687000    0.0000392800   -0.0005937300
   0.0000000000    0.0000000000   -0.0006330100
  -0.0000003400   -0.0000791400   -0.0005937300
   0.0000665500    0.0000384300   -0.0005431600
  -0.0000665500    0.0000384300   -0.0005431600
   0.0000003400   -0.0000791400   -0.0005937300
   0.0000000000    0.0002299700   -0.0004814600
   0.0000494700   -0.0000285600   -0.0003142600
   0.0000000000   -0.0000768500   -0.0005431600
  -0.0000494700   -0.0000285600   -0.0003142600
  -0.0001800000   -0.0001039200   -0.0005096000
   0.0001800000   -0.0001039200   -0.0005096000
  -0.0000694700   -0.0000854600   -0.0006154200
   0.0000694700   -0.0000854600   -0.0006154200
  -0.0000505900    0.0000292100   -0.0003339400
   0.0000000000    0.0002078500   -0.0005096000
   0.0000505900    0.0000292100   -0.0003339400
   0.0000000000    0.0000117600   -0.0005660800
  -0.0000101900   -0.0000058800   -0.0005660800
   0.0001087500   -0.0000174300   -0.0006154200
  -0.0001087500   -0.0000174300   -0.0006154200
   0.0000101900   -0.0000058800   -0.0005660800
   0.0000000000   -0.0000584200   -0.0003339400
   0.0000392800    0.0001028900   -0.0006154200
   0.0000000000    0.0000000000   -0.0006572300
  -0.0000392800    0.0001028900   -0.0006154200
